DATE	AKBPPRIV	ALBPPRIV	ARBPPRIV	AZBPPRIV	CABPPRIV	COBPPRIV	CTBPPRIV	DCBPPRIV	DEBPPRIV	FLBPPRIV	GABPPRIV	HIBPPRIV	IABPPRIV	IDBPPRIV	ILBPPRIV	INBPPRIV	KSBPPRIV	KYBPPRIV	LABPPRIV	MABPPRIV	MDBPPRIV	MEBPPRIV	MIBPPRIV	MNBPPRIV	MOBPPRIV	MSBPPRIV	MTBPPRIV	NCBPPRIV	NDBPPRIV	NEBPPRIV	NHBPPRIV	NJBPPRIV	NMBPPRIV	NVBPPRIV	NYBPPRIV	OHBPPRIV	OKBPPRIV	ORBPPRIV	PABPPRIV	RIBPPRIV	SCBPPRIV	SDBPPRIV	TNBPPRIV	TXBPPRIV	UTBPPRIV	VABPPRIV	VTBPPRIV	WABPPRIV	WIBPPRIV	WVBPPRIV	WYBPPRIV
2015-01-01	54	1025	694	1712	7312	1489	264	22	368	7781	2445	743	249	442	530	681	345	717	1035	1733	1220	186	735	1108	768	644	136	3544	110	235	134	1740	275	640	2353	1031	995	798	946	45	1899	151	2027	11515	806	2070	91	3212	771	129	70
2015-02-01	61	1263	730	2144	7199	1911	125	344	369	9072	3132	504	455	620	1589	736	599	631	1731	645	916	59	603	775	830	424	256	4164	145	421	124	1177	259	1485	1560	757	984	1319	1351	17	2536	215	1846	14075	968	1443	132	3769	764	207	98
2015-03-01	83	960	527	2699	9207	2793	492	402	408	8441	3677	151	834	735	1479	1242	638	701	1275	1324	1035	273	1117	1498	1417	547	276	4010	487	504	201	1854	367	1238	4692	1355	965	974	1153	71	2379	449	3055	14027	1339	3002	178	3302	1079	245	178
2015-04-01	133	1133	629	3080	8472	2882	424	244	489	8214	3738	595	812	1130	2016	1611	919	809	1287	1045	1410	262	1874	1324	1229	580	258	4610	586	568	279	3732	524	1132	7351	1631	886	1146	2903	70	3399	404	3135	15352	1876	3607	131	3018	1365	295	226
2015-05-01	116	1148	570	2710	7745	2531	776	649	486	8738	4094	312	1205	933	1668	1886	641	950	1203	2249	1494	367	1971	2210	1180	572	369	4937	1074	604	306	4274	424	1423	15491	1835	760	1233	1884	80	2960	427	3219	12351	1617	1816	174	3511	1567	244	151
2015-06-01	160	1280	851	3115	11503	3251	571	789	440	9992	4868	379	1134	848	2344	1743	699	1033	1317	1650	1981	492	2571	2343	1870	657	316	4658	863	775	341	4792	445	1464	20347	1515	923	1765	2620	110	2530	337	2728	17580	2727	3249	182	3749	1633	353	207
2015-07-01	128	1004	850	3114	8553	2737	696	317	497	8339	4295	253	801	921	1651	1375	712	857	1376	1147	1365	344	2173	1985	1497	641	314	4940	966	789	290	2279	414	1248	3800	1806	1201	1449	1915	79	2869	625	2571	15556	2126	3415	196	3022	1927	396	203
2015-08-01	122	1889	1327	3168	6939	2632	304	278	749	7320	3201	803	894	854	1993	1889	570	848	1094	1340	1646	331	1892	2004	1570	562	260	4301	678	706	400	2407	351	1026	2817	1980	1351	1426	1688	83	2494	366	3025	14814	1809	2803	198	4343	1288	214	151
2015-09-01	114	961	564	2503	7976	2741	512	403	406	10390	2830	174	1261	859	1528	1872	917	972	1267	2018	1459	440	2201	2338	1398	769	359	3905	726	618	323	2215	333	780	2516	2417	1073	1674	2212	98	3084	367	2246	13189	1764	2578	169	3610	1756	197	131
2015-10-01	137	986	700	2617	6038	2139	674	656	459	9062	4118	630	1021	770	1553	1892	554	1151	1376	1322	1268	356	2347	2320	1552	581	635	4667	778	854	264	2766	291	1201	3091	2135	1121	1863	2028	85	2264	486	3352	14789	1603	2738	130	2967	1427	272	127
2015-11-01	79	999	414	2129	8553	2498	533	781	385	8127	3499	192	794	742	2457	1849	624	884	957	1437	1103	242	2053	1543	1657	446	223	3518	535	723	208	2226	273	1143	3193	1687	804	1371	1675	91	1880	197	3432	13240	1789	2280	145	2871	1312	157	123
2015-12-01	95	1249	493	2727	8114	2979	509	71	475	10545	3247	680	630	508	1287	1353	481	754	1297	1407	1101	272	1347	781	1883	507	422	4364	94	618	243	3026	368	1066	9181	1410	1050	1352	1850	76	2143	171	2706	14515	1167	2235	152	2601	953	162	116
2016-01-01	90	1221	615	2773	6962	2149	154	50	389	7938	3509	173	690	709	1824	999	276	753	1089	749	1056	178	1237	754	1052	475	160	2979	165	399	166	1262	481	1213	1079	990	1035	1233	1306	58	1947	267	2892	11879	1268	2257	70	2609	966	138	93
2016-02-01	107	1031	935	2387	8684	2349	421	30	502	9453	4828	264	460	809	1136	1136	556	773	1089	868	1090	192	1322	1076	873	579	180	3847	175	483	115	2410	379	2098	1690	1181	1027	1258	1530	49	2116	486	3677	12591	1359	1466	50	2380	768	123	89
2016-03-01	125	1261	646	2553	7634	2742	576	617	489	9292	4439	207	1155	917	2386	1569	784	1159	1286	1021	1359	280	1691	1357	1968	596	252	4663	362	650	252	2099	381	1310	1871	1833	972	1851	1649	94	2751	373	3832	14376	1813	2812	125	3629	1272	248	138
2016-04-01	156	1447	801	2577	7925	3035	380	25	573	9428	4382	309	1349	1049	1311	1635	1239	966	1121	1138	1352	457	2552	1855	2049	705	338	5037	476	1008	339	2211	403	1552	2039	2289	1125	1529	1712	74	2783	596	3347	12426	1860	2997	142	3643	1523	252	171
2016-05-01	177	1116	969	3503	10242	3539	368	363	519	8600	4081	233	960	1374	1964	1728	507	1091	1285	970	2654	443	2562	2065	2045	719	379	4867	512	908	370	1937	433	2059	2715	1911	1162	1830	1926	113	2957	778	2909	14641	2056	2675	256	3831	1899	243	232
2016-06-01	137	1653	951	4711	8987	3013	504	927	440	9728	5473	776	1201	1031	1516	1544	732	1459	1618	1479	1590	473	2853	2168	1659	643	362	5210	381	617	364	2248	462	1528	4503	2229	1206	1271	2436	83	3093	625	2816	15477	2328	2608	247	4552	2022	284	176
2016-07-01	121	1024	653	2440	6063	2868	285	67	420	8950	3690	273	702	1105	2188	1664	922	926	1040	1330	1040	471	2892	2063	1522	563	260	5922	534	779	259	1588	301	1422	2941	1822	1072	2128	1363	71	2830	334	2910	13977	1700	2459	128	3305	1329	254	155
2016-08-01	123	1208	1010	2629	9223	2936	357	444	560	10623	3846	239	2117	1244	1824	1917	995	1287	1568	1080	1146	391	2325	2795	1680	584	384	5362	457	744	314	2539	414	1187	3289	2426	1613	1982	1794	112	3028	526	3078	14614	1996	2971	232	2987	1862	213	146
2016-09-01	168	1265	598	3514	8355	3568	631	1098	496	9987	3699	349	1328	837	2223	1705	732	966	1980	2006	1088	348	2492	2563	1581	564	730	5124	480	730	334	1972	410	1164	4386	2445	837	1520	2220	91	2759	545	2704	13805	1918	2605	165	4483	1758	235	162
2016-10-01	117	1080	813	2174	8274	4076	524	679	500	10156	4730	178	1182	918	3302	1815	611	999	1257	1052	987	354	2360	2401	1845	554	426	4786	481	819	391	1594	314	1044	2642	1811	927	1529	1989	99	2223	454	2923	12128	2764	1709	167	4078	2038	284	144
2016-11-01	99	927	513	2958	7830	3644	245	21	473	8240	3540	322	1448	897	1327	1442	522	1160	1037	1110	1004	316	1814	2361	1786	619	227	4441	291	573	381	1847	575	932	2773	1704	670	1514	1881	96	2452	347	2230	12680	2468	2210	126	3649	1197	206	129
2016-12-01	94	951	762	3401	10450	2864	226	369	450	9858	4269	197	848	650	1222	1082	386	712	1074	935	991	314	1171	2081	1475	549	233	3792	150	569	387	2536	335	1914	3367	1301	724	1066	1469	109	2223	249	3304	11678	1411	2224	122	3702	926	151	87
2017-01-01	70	1083	754	2484	5376	3146	317	155	396	10023	4423	252	416	413	751	1124	497	698	1121	784	1042	208	1208	1521	1070	920	134	4304	65	351	172	2104	280	1314	4548	2037	964	1464	1353	84	2633	257	2322	15236	1380	2282	66	2777	679	206	63
2017-02-01	93	1113	822	2304	6298	2948	175	245	443	8368	3968	200	778	837	1830	1463	796	839	1152	676	1034	241	1733	1433	1100	1036	211	4898	171	719	236	1796	335	1092	1686	1384	954	1114	1425	63	2682	299	2911	13247	1396	1890	56	2973	1031	167	111
2017-03-01	105	1393	785	3595	10161	3471	398	277	626	9590	5152	303	1378	1027	1667	1478	612	1051	1483	2009	1710	315	2167	2441	1404	667	511	6641	138	837	239	1685	396	1437	3310	1757	982	1541	2519	105	2975	466	3919	16550	2554	3072	240	3390	1508	302	160
2017-04-01	182	1035	1065	3255	9622	3986	253	374	565	10962	3524	186	1065	1178	2859	1792	701	933	1178	876	1380	495	2085	1973	1373	760	392	3877	416	588	311	1583	386	1771	4168	1761	947	1071	1777	65	2477	535	2799	13677	1910	2421	123	3838	1642	245	196
2017-05-01	164	1278	698	3716	9599	2865	402	318	587	10608	4158	382	1149	1301	1493	2016	774	1403	1335	1840	1856	365	2590	2215	1817	675	410	5315	505	1010	296	3008	451	1812	2881	2030	1352	1798	2599	113	3086	414	3711	15578	1974	2510	180	3947	1958	268	186
2017-06-01	185	1343	1072	3399	14218	4640	360	389	726	12365	4704	358	1213	1387	3489	2355	825	1240	1313	1863	1565	489	2843	2566	1375	606	829	5410	337	744	263	2174	598	1818	3222	3086	1026	1873	2288	109	3110	539	4173	17188	2198	3445	213	3955	1951	251	189
2017-07-01	119	1159	1087	2487	7950	3089	430	455	608	9896	4311	276	915	928	1419	1551	607	939	1137	1970	1428	412	2113	1590	1133	665	383	6242	309	1104	352	2462	424	1576	2990	1929	773	1800	1812	106	3162	362	3192	12493	2421	2669	139	3593	1694	204	140
2017-08-01	171	1186	917	3941	9654	4476	489	437	651	10803	4901	265	1574	1688	2175	1685	1079	1184	1262	1237	1567	505	2204	2313	1956	645	357	6730	314	821	302	2311	430	1932	3324	2890	839	2692	1658	164	3184	435	4197	15857	2594	2786	142	4799	1400	275	187
2017-09-01	122	1374	1035	3108	8910	3016	434	329	479	7966	3826	817	1058	1196	2015	1486	994	942	1166	1460	1819	417	2313	2365	1512	545	369	5068	442	738	376	2229	357	1043	3626	2050	777	1670	2104	94	2641	790	3423	12233	1975	2706	292	3425	1850	227	191
2017-10-01	133	1126	862	3706	10335	3173	561	1395	542	10721	4285	413	1428	1434	2085	1635	577	848	1168	1568	918	341	2972	2373	2568	651	466	5899	612	578	280	2669	434	1597	3116	2093	1037	1643	1726	99	2867	559	3259	15098	2446	2950	131	4392	1852	246	146
2017-11-01	114	1088	771	2681	8272	3619	369	860	485	7665	3130	223	1245	1059	1839	1483	666	1006	2270	1070	1114	503	1688	1865	1287	509	248	5774	171	799	224	2651	300	2032	2568	1604	808	1701	1741	82	2595	418	2321	13140	2209	2936	105	4138	1190	160	170
2017-12-01	105	1338	1074	2806	11393	2639	299	92	604	8748	2895	313	1000	817	1880	1262	799	871	873	2359	785	283	1487	1574	1334	535	164	4694	36	683	150	2639	387	1457	4248	1251	737	1726	1807	79	2382	258	2724	11348	1513	1906	50	3349	1028	197	76
2018-01-01	111	1212	1278	3531	8730	3875	342	87	501	11346	5010	224	459	911	733	1008	451	854	1168	1369	1360	193	1209	1706	840	453	138	6168	36	313	332	1510	393	1189	2382	1487	905	1905	1256	59	2811	166	2760	15207	2363	2437	57	2838	766	159	76
2018-02-01	111	1225	654	3005	8016	4177	470	275	445	10235	3956	701	406	1226	946	1269	401	700	1028	864	1055	291	1125	1221	858	482	179	6325	44	680	314	2235	440	1588	2276	1545	847	1694	1586	89	2608	353	2423	12204	2150	3048	72	3044	900	192	113
2018-03-01	140	1136	1244	3132	11546	5473	321	359	507	11321	5989	355	1025	1480	2224	2360	773	1230	1449	1291	1990	248	1644	1650	1789	568	295	5582	129	585	247	2319	635	1577	3841	1799	899	1661	1948	118	3337	418	3022	15486	2417	2914	137	5006	1522	268	166
2018-04-01	129	1353	1088	4261	10136	3672	290	63	532	13793	4471	265	1294	1117	1985	2345	792	1769	1480	813	1555	343	2129	1860	1487	676	422	6368	321	1410	226	1611	429	1510	2300	2089	940	1595	2062	93	3219	467	3658	19795	2028	2909	100	4150	2015	296	149
2018-05-01	186	1546	792	3621	12089	3675	383	112	677	11192	5600	348	1279	1311	2998	2537	1001	1055	1655	2238	1391	429	2148	2908	1587	677	380	6649	571	781	377	2353	417	2080	4844	3147	1081	1416	2559	152	3072	604	3665	16526	2486	2432	172	3318	2033	290	194
2018-06-01	221	1225	916	3557	12952	3674	413	799	489	12957	4016	464	1209	1400	1896	1710	586	1466	1401	1587	1334	467	1758	2621	1797	799	436	5519	304	570	476	2909	497	1163	3276	1737	833	1347	2127	88	3438	342	3616	19086	2535	2886	153	4124	1953	314	196
2018-07-01	133	1278	774	4509	9497	3283	494	30	499	12952	4666	270	1365	1205	1621	1958	714	1097	1148	1038	1810	347	1645	2595	897	677	398	6055	308	604	321	1960	413	1236	4095	2603	794	1345	2597	99	3021	365	3744	16171	2032	2956	187	3023	1829	206	169
2018-08-01	165	1381	715	3738	8826	3320	349	340	535	12439	4476	332	1016	1379	1853	2098	1346	1526	1767	864	2181	375	2176	4176	1580	572	339	7348	404	789	328	2083	416	1352	2825	1962	867	1706	1840	187	3612	624	3737	15564	2406	2214	137	4338	1666	509	155
2018-09-01	128	1040	720	3230	7424	4166	269	228	440	10481	4264	487	736	1407	2482	1361	766	1364	1354	905	1535	457	1614	2215	870	524	396	4247	675	718	253	2076	309	1118	2122	1478	716	1433	1830	72	2620	455	3799	13362	2091	3306	181	3392	1877	248	139
2018-10-01	129	1130	707	3156	8745	3326	439	1023	569	12123	5778	364	1452	1329	2117	2083	1340	1303	1285	1155	1271	485	2936	2631	1671	695	420	5022	342	690	447	2376	423	1736	2748	2167	1092	2008	2768	91	2856	457	3956	13241	2146	2415	286	3606	1638	221	172
2018-11-01	106	1111	759	2563	7741	3649	354	662	548	12159	4924	270	759	1138	2494	1552	499	792	983	1023	1477	335	1353	1787	1357	496	240	4571	111	740	232	2058	324	1632	3575	1870	748	1824	1640	80	2718	190	2679	15265	1910	2073	153	3941	1168	233	133
2018-12-01	136	865	789	3166	10709	4293	525	637	500	11548	3316	222	417	938	1204	1091	379	887	979	1339	1314	282	981	987	654	496	324	5512	112	435	185	1701	349	1140	3277	1155	634	1495	1630	64	2843	171	2139	14984	2210	1665	97	3564	697	213	101
2019-01-01	90	1169	643	2641	9373	3026	278	591	604	11190	4045	432	425	880	1296	1528	428	935	1133	819	1743	357	1187	1352	1098	623	280	4219	45	621	338	1778	349	1204	4036	1095	740	1255	1353	67	3483	182	2733	14258	1594	2859	73	2875	726	287	103
2019-02-01	88	1089	954	2897	6228	2676	310	954	534	11099	4422	246	248	789	1229	1279	366	770	1347	816	930	380	1611	1558	838	410	134	5092	32	404	161	1520	444	1335	2924	1506	1101	1544	1686	70	2815	124	2502	14511	1570	2610	134	2284	734	265	124
2019-03-01	120	1283	746	3691	8345	3078	491	250	508	11661	4690	247	617	1125	1192	1642	507	811	1496	1026	1788	618	2053	2136	1787	585	316	5174	86	572	264	2288	398	1100	2699	1873	1279	2252	1855	66	2734	269	3877	15852	1751	2496	148	4294	1128	327	138
2019-04-01	150	1500	758	4590	9045	3593	721	473	413	14518	4440	153	1000	1365	3378	2130	869	1245	1442	1021	1805	318	2035	2570	1107	593	413	5588	281	734	280	1900	484	1310	3752	2133	904	1820	1936	86	3114	450	2948	15895	2608	3186	179	5077	1967	227	207
2019-05-01	192	1296	945	4282	9883	3653	341	698	586	12393	4346	866	1113	1751	2094	1838	782	1304	1303	1069	2244	431	2387	3281	1431	701	367	7763	314	905	251	2411	474	1673	2599	1759	980	1658	1872	107	3617	400	4487	19081	2799	2761	113	4339	1642	509	240
2019-06-01	139	1395	923	4359	9014	3902	336	130	636	10983	4056	338	1427	1222	1284	2141	611	953	1258	1378	1741	421	1832	2208	1131	568	364	6114	219	779	329	2715	418	2230	3684	1907	858	1283	2687	102	2774	395	3046	15176	2883	2918	118	3647	1514	283	181
2019-07-01	182	1556	996	3918	9924	3848	435	997	624	13109	4151	270	1042	1671	2095	1861	622	1320	1454	1289	1279	466	1890	2383	1307	679	319	5746	288	416	353	2502	484	1865	3694	1839	1107	1749	2146	113	3091	414	3696	17515	2207	3263	131	4428	1547	323	173
2019-08-01	186	1470	2195	4027	8843	3161	376	384	512	15187	4342	307	1409	1747	1529	2172	927	1303	1497	1179	1289	478	1644	3304	1710	644	347	6209	335	798	710	4085	468	1404	3708	2502	1173	1919	2253	84	3187	427	3943	19405	2821	3703	183	4133	1635	315	183
2019-09-01	193	1423	906	3302	9920	3299	478	369	537	15067	4420	370	1037	1194	1419	1790	699	1158	1436	869	1445	360	2202	1880	1339	593	371	5589	570	912	252	3424	362	1378	2873	2339	1010	2013	1741	137	2816	426	3329	16452	2508	2403	109	4121	1661	256	163
2019-10-01	130	1403	951	4032	10176	4219	1136	773	519	15381	5876	672	1699	1610	1746	1960	893	1265	1489	1195	1522	439	2298	3547	1808	668	268	6325	203	610	252	3786	598	1699	3976	1870	1072	2405	1903	102	3044	688	4778	19861	2869	1933	145	3768	1763	242	162
