DATE	BRAK02M647NCEN	BRAL01M647NCEN	BRAR05M647NCEN	BRAZ04M647NCEN	BRCA06M647NCEN	BRCO08M647NCEN	BRDC11M647NCEN	BRDE10M647NCEN	BRFL12M647NCEN	BRGA13M647NCEN	BRHI15M647NCEN	BRIA19M647NCEN	BRID16M647NCEN	BRIL17M647NCEN	BRIN18M647NCEN	BRKS20M647NCEN	BRKY21M647NCEN	BRLA22M647NCEN	BRMA25M647NCEN	BRMD24M647NCEN	BRME23M647NCEN	BRMI26M647NCEN	BRMN27M647NCEN	BRMO29M647NCEN	BRMS28M647NCEN	BRMT30M647NCEN	BRNC37M647NCEN	BRND38M647NCEN	BRNE31M647NCEN	BRNH33M647NCEN	BRNJ34M647NCEN	BRNM35M647NCEN	BRNV32M647NCEN	BRNY36M647NCEN	BROH39M647NCEN	BROK40M647NCEN	BROR41M647NCEN	BRPA42M647NCEN	BRRI44M647NCEN	BRSC45M647NCEN	BRSD46M647NCEN	BRTN47M647NCEN	BRTX48M647NCEN	BRUT49M647NCEN	BRVA51M647NCEN	BRVT50M647NCEN	BRWA53M647NCEN	BRWI55M647NCEN	BRWV54M647NCEN	BRWY56M647NCEN
2015-01-01	79734	894443	476089	1007623	4400060	500125	142476	153612	3668493	1800006	192916	395994	199944	2056333	847287	276863	788177	856114	785945	781136	201557	1587586	499523	847620	643651	121648	1645161	53005	174483	107922	910897	448414	412056	3055942	1690273	594033	786186	1815533	177356	809700	99759	1260071	3715414	227251	867297	87270	1087854	820056	369156	32351
2015-02-01	80826	888274	475704	992386	4397992	494727	141281	150906	3642572	1782600	191527	396501	199709	2048833	839656	275885	777300	845883	778558	778493	199850	1583866	494770	842509	638502	121789	1632755	53265	173508	107217	903626	449325	413476	3045194	1680384	590243	785435	1810998	174800	807128	99383	1226271	3684002	226479	856500	86363	1082108	815604	369201	32419
2015-03-01	81429	885245	466445	983861	4410913	498271	140817	149905	3624900	1779106	188085	392714	198878	2060572	836108	274479	774763	843459	769780	776006	202099	1578381	495801	846729	631050	121552	1631349	53568	173617	107499	904816	450643	416579	3050058	1691441	587269	781935	1814734	175292	804886	98954	1232834	3676661	228396	855200	85569	1071764	812728	374145	32888
2015-04-01	84291	883325	461999	974806	4415987	493102	139973	149432	3607878	1775099	185668	390277	197356	2045280	822483	272697	763927	846775	766820	775307	201151	1569228	493929	844467	628098	118791	1627167	53760	172752	107244	904012	457323	420848	3039251	1671103	591425	778397	1815225	174610	797735	98970	1216681	3651040	227497	854306	84686	1063849	805038	370039	32604
2015-05-01	85117	881147	459893	978128	4421016	494150	139880	146947	3630463	1785403	185006	387794	195814	2044847	818856	271883	761750	854073	772458	781337	199508	1564370	492264	844083	628737	117421	1626420	53185	172934	106022	896036	454947	423364	3027230	1656797	594979	774443	1828419	173923	793353	98168	1205546	3676984	226945	851735	83920	1059863	797339	368144	32535
2015-06-01	86215	883164	461080	983839	4429146	492908	140407	149593	3646571	1796931	185301	386392	194288	2039556	814915	270870	758560	855741	776941	777387	199815	1554285	493625	844851	628633	116843	1636572	53293	173608	105326	896318	457675	427405	3028373	1659826	600596	771832	1830489	173977	797304	98227	1207553	3710572	224862	851860	83218	1046925	790537	368477	32968
2015-07-01	84479	883077	461166	984598	4433744	489675	141468	148094	3650705	1783872	184465	384643	192455	2024423	813123	267753	744583	865685	781015	778671	197987	1544844	491267	846529	628303	116305	1641853	53217	174963	104657	899713	458612	431289	3017604	1648146	604684	769512	1844556	173617	797185	97981	1204648	3731919	223055	850187	82314	1046483	782123	369447	34087
2015-08-01	83988	883258	458309	992876	4441949	488427	140883	146933	3653696	1787148	183649	384595	191295	2013711	808064	269842	737149	871708	784678	781497	196771	1538126	487815	846970	629081	115139	1643059	52980	176663	103531	906370	460819	435785	3001608	1638850	608832	767181	1858713	173977	799056	98067	1191281	3742946	222482	850011	82340	1047512	775302	362549	31714
2015-09-01	82834	882759	458032	995531	4442010	484767	140985	149075	3677655	1782829	182927	383937	190459	2014280	803182	266830	722464	876911	785879	780140	193720	1526238	486694	845105	627469	114253	1643364	53323	176472	102838	897652	461064	438211	3001849	1631559	610694	762308	1863656	173722	797596	97267	1185463	3754421	222170	847063	82184	1041550	765008	361313	31950
2015-10-01	69996	881402	457380	991567	4436189	481892	140654	147127	3708499	1774540	182226	384685	189385	2007492	799663	265478	713911	879541	786492	779303	192404	1513129	485317	843876	628354	113462	1647808	53271	176363	101894	899481	460048	439498	2996649	1629349	613397	759386	1873447	173148	793218	96692	1168238	3777317	222981	844204	82364	1043008	756434	359001	32729
2015-11-01	78257	879861	453286	983641	4423656	479102	139510	146441	3699420	1774065	181275	383140	189896	1986957	764670	262259	708026	869943	786705	776164	190203	1506532	480912	841146	625332	113170	1643503	53344	174887	100509	893942	460663	441006	2982398	1634213	612746	755784	1870415	172938	792702	96421	1150153	3755821	220017	842957	82133	1035860	748780	359648	32907
2015-12-01	79508	878375	451207	975881	4416807	481720	138638	148457	3698548	1766736	180165	382703	191003	1974069	758446	257742	697056	878364	784469	768057	190434	1495634	485776	841636	621722	113918	1617850	53886	175888	100467	897737	461778	440274	2990471	1643233	611558	751918	1868538	172955	786733	96360	1149608	3749749	221282	840152	81841	1038748	740845	362034	33386
2016-01-01	80149	869982	443941	965233	4384491	480212	135796	146504	3664055	1745914	178137	382437	192272	1909279	757243	257823	686488	864632	787411	755752	190609	1492286	483198	838186	611476	114709	1605908	54125	176381	99972	888259	463332	439141	2975036	1627589	611426	748370	1870344	172343	782081	96917	1129940	3734096	221443	831983	81549	1036827	731541	357398	34167
2016-02-01	82560	867600	441898	952360	4354226	478383	134520	145967	3560168	1734949	177301	381743	190792	1847703	749927	255947	679819	872223	784324	749467	191586	1487079	480628	832459	598865	115986	1602407	54395	175466	99450	884714	466511	438469	2972012	1629165	608588	744664	1866888	171537	775371	96091	1116052	3726204	221704	829722	80740	1036086	734860	358961	34399
2016-03-01	83933	864645	434865	946247	4378063	477783	133804	146532	3560060	1719210	176105	381641	188833	1870177	745505	253183	666456	886906	782988	745125	190803	1480044	482901	830045	570514	116987	1598845	54526	175455	99485	885831	469855	438356	2972806	1628168	608305	739514	1866954	171329	772096	95646	1115967	3716248	223053	827483	79653	1029246	726309	358559	34712
2016-04-01	86251	828894	418002	935640	4319732	475244	132142	145824	3259847	1697022	174882	380909	186600	1828522	736345	251580	650708	887770	774788	734542	189996	1470703	479106	792947	559752	117214	1570872	54652	174420	98457	881246	472076	438342	2961955	1610098	608285	730479	1865182	170535	767489	95581	1098423	3703772	221948	822384	78890	1013797	721015	358951	34335
2016-05-01	85727	825615	407820	937614	4302479	473690	131996	146036	3225922	1692442	174552	378776	183597	1838917	723371	249940	643094	912045	774051	730875	190759	1463523	479006	783871	554922	117799	1566722	54538	174052	97582	871382	473716	439031	2965167	1601833	608661	725444	1860827	170015	767320	95757	1084434	3765445	220408	818601	78146	1003496	719070	355622	34063
2016-06-01	86218	826733	401790	948201	4287282	471792	132051	149564	3239056	1690889	174275	377888	180441	1915113	720795	249276	659155	926178	772479	725871	188367	1455946	478933	782374	555306	118581	1543856	54736	175603	96846	869546	477982	440560	2953595	1591757	614624	720694	1850791	169824	765549	95154	1094374	3791472	218587	817945	78064	995501	717414	352351	34052
2016-07-01	84942	825193	401890	954847	4257428	469090	131545	147477	3262475	1677306	173739	377379	177701	1924612	714806	247976	649388	925861	772553	722288	186542	1445487	476393	778698	554866	118467	1475489	54330	176130	95976	865632	477380	439562	2941315	1566937	614993	712637	1854367	169373	740443	95654	1082601	3796484	216446	813726	77456	990913	713065	352663	33719
2016-08-01	85549	830607	401205	965046	4267498	471950	132541	151620	3288860	1688336	174423	378682	176904	1938304	717811	248611	651604	944065	772604	724104	185940	1438458	468011	778847	555513	119353	1477300	54602	177651	95542	864295	482409	441164	2957116	1576754	620387	717394	1860044	169693	750777	95871	1085101	3840366	215461	815137	77715	960747	715003	352925	33960
2016-09-01	84825	830742	399538	964979	4252654	467426	132308	149158	3287446	1688832	173669	378478	176217	1931575	710738	246179	657389	947299	771436	720566	183299	1434550	465211	770944	555278	119863	1470079	54622	177912	95393	857779	480493	441986	2950208	1564498	621462	712084	1858232	168973	746646	95655	1083880	3864686	214505	811949	78034	952711	712582	351391	33806
2016-10-01	71768	826790	403376	963303	4230399	466789	126322	148340	3279009	1683945	173289	377126	175976	1907969	708476	247281	658399	943685	771512	716620	182095	1423008	463421	767403	554225	120065	1472482	54124	177825	94823	854146	473398	443138	2938258	1553901	618434	709684	1855129	168268	752030	95153	1071344	3891234	212903	806332	78092	951845	709134	350474	33977
2016-11-01	83181	825660	399839	955392	4228297	465069	125295	150227	3265019	1679738	172434	374227	176875	1918930	697626	244137	660242	953258	768910	709987	179398	1411654	459662	766273	552873	120826	1482701	53995	177654	94539	848856	467933	442938	2940107	1549654	616062	699415	1851309	167885	741539	95051	1076784	3882738	211215	802068	78386	946080	704356	346432	33771
2016-12-01	85523	822878	397802	945941	4194962	466844	124204	149095	3274938	1673820	171893	372404	175130	1917143	691962	241963	659371	933029	766876	701358	179737	1401458	458952	766135	549951	121061	1479655	53801	178490	94146	844707	461899	441145	2949168	1539886	613348	695334	1846117	167653	739365	94624	1064416	3849095	211946	798556	78602	948098	701540	343485	34099
2017-01-01	85531	815094	393349	932091	4165897	468636	120918	149625	3232682	1656234	171201	370106	176682	1867770	682077	238385	658252	921521	766649	696120	188058	1399290	456771	765302	543482	122110	1470862	53861	178526	93812	831751	460549	442515	2944348	1532807	608766	693973	1849422	167766	733210	95050	1056897	3826344	210310	793580	78878	943769	702811	343840	34177
2017-02-01	85866	809763	389577	913814	4126328	461645	121393	149105	3176287	1641700	169319	367477	175781	1856153	679246	236370	651889	926213	762077	686967	185153	1393563	454645	758123	540106	122324	1458092	53987	176971	93302	825972	459657	440775	2922436	1510943	605306	691223	1845237	166843	725386	94387	1048724	3755726	209053	797149	78032	942136	698688	342011	33887
2017-03-01	87803	803466	385208	912635	4117613	465246	120786	147419	3178027	1632271	169038	365773	174920	1885248	678003	233285	655629	913850	759573	679315	181209	1383576	455995	758881	535180	121859	1448592	53941	177129	92966	821265	456168	438465	2927021	1522223	600322	686855	1838124	166760	721117	93493	1054349	3769743	209947	770736	77142	936645	696930	341407	33929
2017-04-01	90850	791488	378446	901350	4071767	457848	120168	143596	3126089	1608132	167366	363062	172097	1844298	661257	232278	650772	892484	758144	672732	179151	1370584	450154	753759	530313	121490	1428334	53744	174556	92322	809219	454371	437430	2900177	1491788	596306	679226	1837461	165555	709836	92699	1033493	3735048	206621	759574	75970	932333	688729	339326	32942
2017-05-01	89235	790283	380420	900977	4058708	457445	119677	143729	3110913	1611668	166911	360942	169401	1902285	657932	231395	648195	874669	758767	672438	179397	1356766	450494	751002	528855	121327	1431854	53672	173625	91954	804020	453473	437892	2907545	1490125	593980	668745	1834131	165177	706784	92377	1042206	3746646	203397	758361	75287	920754	686322	338117	32671
2017-06-01	91495	793260	382515	900388	4048374	454291	122145	145362	3129822	1607524	166923	361000	167080	1859732	654685	231888	652133	880530	760063	670430	178020	1348126	449873	754816	529860	121070	1427200	53668	174127	91494	801162	455558	438857	2896869	1476547	597889	662568	1837088	164880	708619	92118	1037643	3744463	202591	758224	74793	913807	682522	336584	31983
